0.0,6.0,6.0
0.01,6.0,6.0
0.02,6.0,6.0
0.03,6.0,6.0
0.04,6.0,6.0
0.05,6.0,6.0
0.06,6.0,6.0
0.07,6.0,6.0
0.08,6.0,6.0
0.09,6.0,6.0
0.1,6.0,6.0
0.11,6.0,6.0
0.12,6.0,6.0
0.13,6.0,6.0
0.14,6.0,6.0
0.15,6.0,6.0
0.16,6.0,6.0
0.17,6.0,6.0
0.18,6.0,6.0
0.19,6.0,6.0
0.2,6.0,6.0
0.21,6.0,6.0
0.22,6.0,6.0
0.23,6.0,6.0
0.24,6.0,6.0
0.25,6.0,6.0
0.26,6.0,6.0
0.27,6.0,6.0
0.28,6.0,6.0
0.29,6.0,6.0
0.3,6.0,6.0
0.31,6.0,6.0
0.32,6.0,6.0
0.33,6.0,6.0
0.34,6.0,6.0
0.35000000000000003,6.0,6.0
0.36,6.0,6.0
0.37,6.0,6.0
0.38,6.0,6.0
0.39,6.0,6.0
0.4,6.0,6.0
0.41000000000000003,6.0,6.0
0.42,6.0,6.0
0.43,6.0,6.0
0.44,6.0,6.0
0.45,6.0,6.0
0.46,6.0,6.0
0.47000000000000003,6.0,6.0
0.48,6.0,6.0
0.49,6.0,6.0
0.5,6.0,6.0
0.51,6.0,6.0
0.52,6.0,6.0
0.53,6.0,6.0
0.54,6.0,6.0
0.55,6.0,6.0
0.56,6.0,6.0
0.5700000000000001,6.0,6.0
0.58,6.0,6.0
0.59,6.0,6.0
0.6,6.0,6.0
0.61,6.0,6.0
0.62,6.0,6.0
0.63,6.0,6.0
0.64,6.0,6.0
0.65,6.0,6.0
0.66,6.0,6.0
0.67,6.0,6.0
0.68,6.0,6.0
0.6900000000000001,6.0,6.0
0.7000000000000001,6.0,6.0
0.71,6.0,6.0
0.72,6.0,6.0
0.73,6.0,6.0
0.74,6.0,6.0
0.75,6.0,6.0
0.76,6.0,6.0
0.77,6.0,6.0
0.78,6.0,6.0
0.79,6.0,6.0
0.8,6.0,6.0
0.81,6.0,6.0
0.8200000000000001,6.0,6.0
0.8300000000000001,6.0,6.0
0.84,6.0,6.0
0.85,6.0,6.0
0.86,6.0,6.0
0.87,6.0,6.0
0.88,6.0,6.0
0.89,6.0,6.0
0.9,6.0,6.0
0.91,6.0,6.0
0.92,6.0,6.0
0.93,6.0,6.0
0.9400000000000001,6.0,6.0
0.9500000000000001,6.0,6.0
0.96,6.0,6.0
0.97,6.0,6.0
0.98,6.0,6.0
0.99,6.0,6.0
1.0,6.0,6.0
1.01,6.0,6.0
1.02,6.0,6.0
1.03,6.0,6.0
1.04,6.0,6.0
1.05,6.0,6.0
1.06,6.0,6.0
1.07,6.0,6.0
1.08,6.0,6.0
1.09,6.0,6.0
1.1,6.0,6.0
1.11,6.0,6.0
1.12,6.0,6.0
1.1300000000000001,6.0,6.0
1.1400000000000001,6.0,6.0
1.1500000000000001,6.0,6.0
1.16,6.0,6.0
1.17,6.0,6.0
1.18,6.0,6.0
1.19,6.0,6.0
1.2,6.0,6.0
1.21,6.0,6.0
1.22,6.0,6.0
1.23,6.0,6.0
1.24,6.0,6.0
1.25,6.0,6.0
1.26,6.0,6.0
1.27,6.0,6.0
1.28,6.0,6.0
1.29,6.0,6.0
1.3,6.0,6.0
1.31,6.0,6.0
1.32,6.0,6.0
1.33,6.0,6.0
1.34,6.0,6.0
1.35,6.0,6.0
1.36,6.0,6.0
1.37,6.0,6.0
1.3800000000000001,6.0,6.0
1.3900000000000001,6.0,6.0
1.4000000000000001,6.0,6.0
1.41,6.0,6.0
1.42,6.0,6.0
1.43,6.0,6.0
1.44,6.0,6.0
1.45,6.0,6.0
1.46,6.0,6.0
1.47,6.0,6.0
1.48,6.0,6.0
1.49,6.0,6.0
1.5,6.0,6.0
1.51,6.0,6.0
1.52,6.0,6.0
1.53,6.0,6.0
1.54,6.0,6.0
1.55,6.0,6.0
1.56,6.0,6.0
1.57,6.0,6.0
1.58,6.0,6.0
1.59,6.0,6.0
1.6,6.0,6.0
1.61,6.0,6.0
1.62,6.0,6.0
1.6300000000000001,6.0,6.0
1.6400000000000001,6.0,6.0
1.6500000000000001,6.0,6.0
1.6600000000000001,6.0,6.0
1.67,6.0,6.0
1.68,6.0,6.0
1.69,6.0,6.0
1.7,6.0,6.0
1.71,6.0,6.0
1.72,6.0,6.0
1.73,6.0,6.0
1.74,6.0,6.0
1.75,6.0,6.0
1.76,6.0,6.0
1.77,6.0,6.0
1.78,6.0,6.0
1.79,6.0,6.0
1.8,6.0,6.0
1.81,6.0,6.0
1.82,6.0,6.0
1.83,6.0,6.0
1.84,6.0,6.0
1.85,6.0,6.0
1.86,6.0,6.0
1.87,6.0,6.0
1.8800000000000001,6.0,6.0
1.8900000000000001,6.0,6.0
1.9000000000000001,6.0,6.0
1.9100000000000001,6.0,6.0
1.92,6.0,6.0
1.93,6.0,6.0
1.94,6.0,6.0
1.95,6.0,6.0
1.96,6.0,6.0
1.97,6.0,6.0
1.98,6.0,6.0
1.99,6.0,6.0
2.0,6.0,6.0
2.0100000000000002,6.0,6.0
2.02,6.0,6.0
2.0300000000000002,6.0,6.0
2.04,6.0,6.0
2.05,6.0,6.0
2.06,6.0,6.0
2.07,6.0,6.0
2.08,6.0,6.0
2.09,6.0,6.0
2.1,6.0,6.0
2.11,6.0,6.0
2.12,6.0,6.0
2.13,6.0,6.0
2.14,6.0,6.0
2.15,6.0,6.0
2.16,6.0,6.0
2.17,6.0,6.0
2.18,6.0,6.0
2.19,6.0,6.0
2.2,6.0,6.0
2.21,6.0,6.0
2.22,6.0,6.0
2.23,6.0,6.0
2.24,6.0,6.0
2.25,6.0,6.0
2.2600000000000002,6.0,6.0
2.27,6.0,6.0
2.2800000000000002,6.0,6.0
2.29,6.0,6.0
2.3000000000000003,6.0,6.0
2.31,6.0,6.0
2.32,6.0,6.0
2.33,6.0,6.0
2.34,6.0,6.0
2.35,6.0,6.0
2.36,6.0,6.0
2.37,6.0,6.0
2.38,6.0,6.0
2.39,6.0,6.0
2.4,6.0,6.0
2.41,6.0,6.0
2.42,6.0,6.0
2.43,6.0,6.0
2.44,6.0,6.0
2.45,6.0,6.0
2.46,6.0,6.0
2.47,6.0,6.0
2.48,6.0,6.0
2.49,6.0,6.0
2.5,6.0,6.0
2.5100000000000002,6.0,6.0
2.52,6.0,6.0
2.5300000000000002,6.0,6.0
2.54,6.0,6.0
2.5500000000000003,6.0,6.0
2.56,6.0,6.0
2.57,6.0,6.0
2.58,6.0,6.0
2.59,6.0,6.0
2.6,6.0,6.0
2.61,6.0,6.0
2.62,6.0,6.0
2.63,6.0,6.0
2.64,6.0,6.0
2.65,6.0,6.0
2.66,6.0,6.0
2.67,6.0,6.0
2.68,6.0,6.0
2.69,6.0,6.0
2.7,6.0,6.0
2.71,6.0,6.0
2.72,6.0,6.0
2.73,6.0,6.0
2.74,6.0,6.0
2.75,6.0,6.0
2.7600000000000002,6.0,6.0
2.77,6.0,6.0
2.7800000000000002,6.0,6.0
2.79,6.0,6.0
2.8000000000000003,6.0,6.0
2.81,6.0,6.0
2.82,6.0,6.0
2.83,6.0,6.0
2.84,6.0,6.0
2.85,6.0,6.0
2.86,6.0,6.0
2.87,6.0,6.0
2.88,6.0,6.0
2.89,6.0,6.0
2.9,6.0,6.0
2.91,6.0,6.0
2.92,6.0,6.0
2.93,6.0,6.0
2.94,6.0,6.0
2.95,6.0,6.0
2.96,6.0,6.0
2.97,6.0,6.0
2.98,6.0,6.0
2.99,6.0,6.0
3.0,6.0,6.0
3.0100000000000002,6.0,6.0
3.02,6.0,6.0
3.0300000000000002,6.0,6.0
3.04,6.0,6.0
3.0500000000000003,6.0,6.0
3.06,6.0,6.0
3.0700000000000003,6.0,6.0
3.08,6.0,6.0
3.09,6.0,6.0
3.1,6.0,6.0
3.11,6.0,6.0
3.12,6.0,6.0
3.13,6.0,6.0
3.14,6.0,6.0
3.15,6.0,6.0
3.16,6.0,6.0
3.17,6.0,6.0
3.18,6.0,6.0
3.19,6.0,6.0
3.2,6.0,6.0
3.21,6.0,6.0
3.22,6.0,6.0
3.23,6.0,6.0
3.24,6.0,6.0
3.25,6.0,6.0
3.2600000000000002,6.0,6.0
3.27,6.0,6.0
3.2800000000000002,6.0,6.0
3.29,6.0,6.0
3.3000000000000003,6.0,6.0
3.31,6.0,6.0
3.3200000000000003,6.0,6.0
3.33,6.0,6.0
3.34,6.0,6.0
3.35,6.0,6.0
3.36,6.0,6.0
3.37,6.0,6.0
3.38,6.0,6.0
3.39,6.0,6.0
3.4,6.0,6.0
3.41,6.0,6.0
3.42,6.0,6.0
3.43,6.0,6.0
3.44,6.0,6.0
3.45,6.0,6.0
3.46,6.0,6.0
3.47,6.0,6.0
3.48,6.0,6.0
3.49,6.0,6.0
3.5,6.0,6.0
3.5100000000000002,6.0,6.0
3.52,6.0,6.0
3.5300000000000002,6.0,6.0
3.54,6.0,6.0
3.5500000000000003,6.0,6.0
3.56,6.0,6.0
3.5700000000000003,6.0,6.0
3.58,6.0,6.0
3.59,6.0,6.0
3.6,6.0,6.0
3.61,6.0,6.0
3.62,6.0,6.0
3.63,6.0,6.0
3.64,6.0,6.0
3.65,6.0,6.0
3.66,6.0,6.0
3.67,6.0,6.0
3.68,6.0,6.0
3.69,6.0,6.0
3.7,6.0,6.0
3.71,6.0,6.0
3.72,6.0,6.0
3.73,6.0,6.0
3.74,6.0,6.0
3.75,6.0,6.0
3.7600000000000002,6.0,6.0
3.77,6.0,6.0
3.7800000000000002,6.0,6.0
3.79,6.0,6.0
3.8000000000000003,6.0,6.0
3.81,6.0,6.0
3.8200000000000003,6.0,6.0
3.83,6.0,6.0
3.84,6.0,6.0
3.85,6.0,6.0
3.86,6.0,6.0
3.87,6.0,6.0
3.88,6.0,6.0
3.89,6.0,6.0
3.9,6.0,6.0
3.91,6.0,6.0
3.92,6.0,6.0
3.93,6.0,6.0
3.94,6.0,6.0
3.95,6.0,6.0
3.96,6.0,6.0
3.97,6.0,6.0
3.98,6.0,6.0
3.99,6.0,6.0
4.0,6.0,6.0
4.01,6.0,6.0
4.0200000000000005,6.0,6.0
4.03,6.0,6.0
4.04,6.0,6.0
4.05,6.0,6.0
4.0600000000000005,6.0,6.0
4.07,6.0,6.0
4.08,6.0,6.0
4.09,6.0,6.0
4.1,6.0,6.0
4.11,6.0,6.0
4.12,6.0,6.0
4.13,6.0,6.0
4.14,6.0,6.0
4.15,6.0,6.0
4.16,6.0,6.0
4.17,6.0,6.0
4.18,6.0,6.0
4.19,6.0,6.0
4.2,6.0,6.0
4.21,6.0,6.0
4.22,6.0,6.0
4.23,6.0,6.0
4.24,6.0,6.0
4.25,6.0,6.0
4.26,6.0,6.0
4.2700000000000005,6.0,6.0
4.28,6.0,6.0
4.29,6.0,6.0
4.3,6.0,6.0
4.3100000000000005,6.0,6.0
4.32,6.0,6.0
4.33,6.0,6.0
4.34,6.0,6.0
4.3500000000000005,6.0,6.0
4.36,6.0,6.0
4.37,6.0,6.0
4.38,6.0,6.0
4.39,6.0,6.0
4.4,6.0,6.0
4.41,6.0,6.0
4.42,6.0,6.0
4.43,6.0,6.0
4.44,6.0,6.0
4.45,6.0,6.0
4.46,6.0,6.0
4.47,6.0,6.0
4.48,6.0,6.0
4.49,6.0,6.0
4.5,6.0,6.0
4.51,6.0,6.0
4.5200000000000005,6.0,6.0
4.53,6.0,6.0
4.54,6.0,6.0
4.55,6.0,6.0
4.5600000000000005,6.0,6.0
4.57,6.0,6.0
4.58,6.0,6.0
4.59,6.0,6.0
4.6000000000000005,6.0,6.0
4.61,6.0,6.0
4.62,6.0,6.0
4.63,6.0,6.0
4.64,6.0,6.0
4.65,6.0,6.0
4.66,6.0,6.0
4.67,6.0,6.0
4.68,6.0,6.0
4.69,6.0,6.0
4.7,6.0,6.0
4.71,6.0,6.0
4.72,6.0,6.0
4.73,6.0,6.0
4.74,6.0,6.0
4.75,6.0,6.0
4.76,6.0,6.0
4.7700000000000005,6.0,6.0
4.78,6.0,6.0
4.79,6.0,6.0
4.8,6.0,6.0
4.8100000000000005,6.0,6.0
4.82,6.0,6.0
4.83,6.0,6.0
4.84,6.0,6.0
4.8500000000000005,6.0,6.0
4.86,6.0,6.0
4.87,6.0,6.0
4.88,6.0,6.0
4.89,6.0,6.0
4.9,6.0,6.0
4.91,6.0,6.0
4.92,6.0,6.0
4.93,6.0,6.0
4.94,6.0,6.0
4.95,6.0,6.0
4.96,6.0,6.0
4.97,6.0,6.0
4.98,6.0,6.0
4.99,6.0,6.0
5.0,6.0,2.9499999999999993
5.01,6.0,2.9499999999999993
5.0200000000000005,6.0,2.9499999999999993
5.03,6.0,2.9499999999999993
5.04,6.0,2.9499999999999993
5.05,6.0,2.9499999999999993
5.0600000000000005,6.0,2.9499999999999993
5.07,6.0,2.9499999999999993
5.08,6.0,2.9499999999999993
5.09,6.0,2.9499999999999993
5.1000000000000005,6.0,2.9499999999999993
5.11,6.0,2.9499999999999993
5.12,6.0,2.9499999999999993
5.13,6.0,2.9499999999999993
5.14,6.0,2.9499999999999993
5.15,6.0,2.9499999999999993
5.16,6.0,2.9499999999999993
5.17,6.0,2.9499999999999993
5.18,6.0,2.9499999999999993
5.19,6.0,2.9499999999999993
5.2,6.0,2.9499999999999993
5.21,6.0,2.9499999999999993
5.22,6.0,2.9499999999999993
5.23,6.0,2.9499999999999993
5.24,6.0,2.9499999999999993
5.25,6.0,2.9499999999999993
5.26,6.0,2.9499999999999993
5.2700000000000005,6.0,2.9499999999999993
5.28,6.0,2.9499999999999993
5.29,6.0,2.9499999999999993
5.3,6.0,2.9499999999999993
5.3100000000000005,6.0,2.9499999999999993
5.32,6.0,2.9499999999999993
5.33,6.0,2.9499999999999993
5.34,6.0,2.9499999999999993
5.3500000000000005,6.0,2.9499999999999993
5.36,6.0,2.9499999999999993
5.37,6.0,2.9499999999999993
5.38,6.0,2.9499999999999993
5.39,6.0,2.9499999999999993
5.4,6.0,2.9499999999999993
5.41,6.0,2.9499999999999993
5.42,6.0,2.9499999999999993
5.43,6.0,2.9499999999999993
5.44,6.0,2.9499999999999993
5.45,6.0,2.9499999999999993
5.46,6.0,2.9499999999999993
5.47,6.0,2.9499999999999993
5.48,6.0,2.9499999999999993
5.49,6.0,2.9499999999999993
5.5,6.0,2.9499999999999993
5.51,6.0,2.9499999999999993
5.5200000000000005,6.0,2.9499999999999993
5.53,6.0,2.9499999999999993
5.54,6.0,2.9499999999999993
5.55,6.0,2.9499999999999993
5.5600000000000005,6.0,2.9499999999999993
5.57,6.0,2.9499999999999993
5.58,6.0,2.9499999999999993
5.59,6.0,2.9499999999999993
5.6000000000000005,6.0,2.9499999999999993
5.61,6.0,2.9499999999999993
5.62,6.0,2.9499999999999993
5.63,6.0,2.9499999999999993
5.64,6.0,2.9499999999999993
5.65,6.0,2.9499999999999993
5.66,6.0,2.9499999999999993
5.67,6.0,2.9499999999999993
5.68,6.0,2.9499999999999993
5.69,6.0,2.9499999999999993
5.7,6.0,2.9499999999999993
5.71,6.0,2.9499999999999993
5.72,6.0,2.9499999999999993
5.73,6.0,2.9499999999999993
5.74,6.0,2.9499999999999993
5.75,6.0,2.9499999999999993
5.76,6.0,2.9499999999999993
5.7700000000000005,6.0,2.9499999999999993
5.78,6.0,2.9499999999999993
5.79,6.0,2.9499999999999993
5.8,6.0,2.9499999999999993
5.8100000000000005,6.0,2.9499999999999993
5.82,6.0,2.9499999999999993
5.83,6.0,2.9499999999999993
5.84,6.0,2.9499999999999993
5.8500000000000005,6.0,2.9499999999999993
5.86,6.0,2.9499999999999993
5.87,6.0,2.9499999999999993
5.88,6.0,2.9499999999999993
5.89,6.0,2.9499999999999993
5.9,6.0,2.9499999999999993
5.91,6.0,2.9499999999999993
5.92,6.0,2.9499999999999993
5.93,6.0,2.9499999999999993
5.94,6.0,2.9499999999999993
5.95,6.0,2.9499999999999993
5.96,6.0,2.9499999999999993
5.97,6.0,2.9499999999999993
5.98,6.0,2.9499999999999993
5.99,6.0,2.9499999999999993
6.0,6.0,2.9499999999999993
6.01,6.0,2.9499999999999993
6.0200000000000005,6.0,2.9499999999999993
6.03,6.0,2.9499999999999993
6.04,6.0,2.9499999999999993
6.05,6.0,2.9499999999999993
6.0600000000000005,6.0,2.9499999999999993
6.07,6.0,2.9499999999999993
6.08,6.0,2.9499999999999993
6.09,6.0,2.9499999999999993
6.1000000000000005,6.0,2.9499999999999993
6.11,6.0,2.9499999999999993
6.12,6.0,2.9499999999999993
6.13,6.0,2.9499999999999993
6.140000000000001,6.0,2.9499999999999993
6.15,6.0,2.9499999999999993
6.16,6.0,2.9499999999999993
6.17,6.0,2.9499999999999993
6.18,6.0,2.9499999999999993
6.19,6.0,2.9499999999999993
6.2,6.0,2.9499999999999993
6.21,6.0,2.9499999999999993
6.22,6.0,2.9499999999999993
6.23,6.0,2.9499999999999993
6.24,6.0,2.9499999999999993
6.25,6.0,2.9499999999999993
6.26,6.0,2.9499999999999993
6.2700000000000005,6.0,2.9499999999999993
6.28,6.0,2.9499999999999993
6.29,6.0,2.9499999999999993
6.3,6.0,2.9499999999999993
6.3100000000000005,6.0,2.9499999999999993
6.32,6.0,2.9499999999999993
6.33,6.0,2.9499999999999993
6.34,6.0,2.9499999999999993
6.3500000000000005,6.0,2.9499999999999993
6.36,6.0,2.9499999999999993
6.37,6.0,2.9499999999999993
6.38,6.0,2.9499999999999993
6.390000000000001,6.0,2.9499999999999993
6.4,6.0,2.9499999999999993
6.41,6.0,2.9499999999999993
6.42,6.0,2.9499999999999993
6.43,6.0,2.9499999999999993
6.44,6.0,2.9499999999999993
6.45,6.0,2.9499999999999993
6.46,6.0,2.9499999999999993
6.47,6.0,2.9499999999999993
6.48,6.0,2.9499999999999993
6.49,6.0,2.9499999999999993
6.5,6.0,2.9499999999999993
6.51,6.0,2.9499999999999993
6.5200000000000005,6.0,2.9499999999999993
6.53,6.0,2.9499999999999993
6.54,6.0,2.9499999999999993
6.55,6.0,2.9499999999999993
6.5600000000000005,6.0,2.9499999999999993
6.57,6.0,2.9499999999999993
6.58,6.0,2.9499999999999993
6.59,6.0,2.9499999999999993
6.6000000000000005,6.0,2.9499999999999993
6.61,6.0,2.9499999999999993
6.62,6.0,2.9499999999999993
6.63,6.0,2.9499999999999993
6.640000000000001,6.0,2.9499999999999993
6.65,6.0,2.9499999999999993
6.66,6.0,2.9499999999999993
6.67,6.0,2.9499999999999993
6.68,6.0,2.9499999999999993
6.69,6.0,2.9499999999999993
6.7,6.0,2.9499999999999993
6.71,6.0,2.9499999999999993
6.72,6.0,2.9499999999999993
6.73,6.0,2.9499999999999993
6.74,6.0,2.9499999999999993
6.75,6.0,2.9499999999999993
6.76,6.0,2.9499999999999993
6.7700000000000005,6.0,2.9499999999999993
6.78,6.0,2.9499999999999993
6.79,6.0,2.9499999999999993
6.8,6.0,2.9499999999999993
6.8100000000000005,6.0,2.9499999999999993
6.82,6.0,2.9499999999999993
6.83,6.0,2.9499999999999993
6.84,6.0,2.9499999999999993
6.8500000000000005,6.0,2.9499999999999993
6.86,6.0,2.9499999999999993
6.87,6.0,2.9499999999999993
6.88,6.0,2.9499999999999993
6.890000000000001,6.0,2.9499999999999993
6.9,6.0,2.9499999999999993
6.91,6.0,2.9499999999999993
6.92,6.0,2.9499999999999993
6.93,6.0,2.9499999999999993
6.94,6.0,2.9499999999999993
6.95,6.0,2.9499999999999993
6.96,6.0,2.9499999999999993
6.97,6.0,2.9499999999999993
6.98,6.0,2.9499999999999993
6.99,6.0,2.9499999999999993
7.0,6.0,2.9499999999999993
7.01,6.0,2.9499999999999993
7.0200000000000005,6.0,2.9499999999999993
7.03,6.0,2.9499999999999993
7.04,6.0,2.9499999999999993
7.05,6.0,2.9499999999999993
7.0600000000000005,6.0,2.9499999999999993
7.07,6.0,2.9499999999999993
7.08,6.0,2.9499999999999993
7.09,6.0,2.9499999999999993
7.1000000000000005,6.0,2.9499999999999993
7.11,6.0,2.9499999999999993
7.12,6.0,2.9499999999999993
7.13,6.0,2.9499999999999993
7.140000000000001,6.0,2.9499999999999993
7.15,6.0,2.9499999999999993
7.16,6.0,2.9499999999999993
7.17,6.0,2.9499999999999993
7.18,6.0,2.9499999999999993
7.19,6.0,2.9499999999999993
7.2,6.0,2.9499999999999993
7.21,6.0,2.9499999999999993
7.22,6.0,2.9499999999999993
7.23,6.0,2.9499999999999993
7.24,6.0,2.9499999999999993
7.25,6.0,2.9499999999999993
7.26,6.0,2.9499999999999993
7.2700000000000005,6.0,2.9499999999999993
7.28,6.0,2.9499999999999993
7.29,6.0,2.9499999999999993
7.3,6.0,2.9499999999999993
7.3100000000000005,6.0,2.9499999999999993
7.32,6.0,2.9499999999999993
7.33,6.0,2.9499999999999993
7.34,6.0,2.9499999999999993
7.3500000000000005,6.0,2.9499999999999993
7.36,6.0,2.9499999999999993
7.37,6.0,2.9499999999999993
7.38,6.0,2.9499999999999993
7.390000000000001,6.0,2.9499999999999993
7.4,6.0,2.9499999999999993
7.41,6.0,2.9499999999999993
7.42,6.0,2.9499999999999993
7.43,6.0,2.9499999999999993
7.44,6.0,2.9499999999999993
7.45,6.0,2.9499999999999993
7.46,6.0,2.9499999999999993
7.47,6.0,2.9499999999999993
7.48,6.0,2.9499999999999993
7.49,6.0,2.9499999999999993
7.5,6.0,2.9499999999999993
7.51,6.0,2.9499999999999993
7.5200000000000005,6.0,2.9499999999999993
7.53,6.0,2.9499999999999993
7.54,6.0,2.9499999999999993
7.55,6.0,2.9499999999999993
7.5600000000000005,6.0,2.9499999999999993
7.57,6.0,2.9499999999999993
7.58,6.0,2.9499999999999993
7.59,6.0,2.9499999999999993
7.6000000000000005,6.0,2.9499999999999993
7.61,6.0,2.9499999999999993
7.62,6.0,2.9499999999999993
7.63,6.0,2.9499999999999993
7.640000000000001,6.0,2.9499999999999993
7.65,6.0,2.9499999999999993
7.66,6.0,2.9499999999999993
7.67,6.0,2.9499999999999993
7.68,6.0,2.9499999999999993
7.69,6.0,2.9499999999999993
7.7,6.0,2.9499999999999993
7.71,6.0,2.9499999999999993
7.72,6.0,2.9499999999999993
7.73,6.0,2.9499999999999993
7.74,6.0,2.9499999999999993
7.75,6.0,2.9499999999999993
7.76,6.0,2.9499999999999993
7.7700000000000005,6.0,2.9499999999999993
7.78,6.0,2.9499999999999993
7.79,6.0,2.9499999999999993
7.8,6.0,2.9499999999999993
7.8100000000000005,6.0,2.9499999999999993
7.82,6.0,2.9499999999999993
7.83,6.0,2.9499999999999993
7.84,6.0,2.9499999999999993
7.8500000000000005,6.0,2.9499999999999993
7.86,6.0,2.9499999999999993
7.87,6.0,2.9499999999999993
7.88,6.0,2.9499999999999993
7.890000000000001,6.0,2.9499999999999993
7.9,6.0,2.9499999999999993
7.91,6.0,2.9499999999999993
7.92,6.0,2.9499999999999993
7.930000000000001,6.0,2.9499999999999993
7.94,6.0,2.9499999999999993
7.95,6.0,2.9499999999999993
7.96,6.0,2.9499999999999993
7.97,6.0,2.9499999999999993
7.98,6.0,2.9499999999999993
7.99,6.0,2.9499999999999993
8.0,6.0,2.9499999999999993
8.01,6.0,2.9499999999999993
8.02,6.0,2.9499999999999993
8.03,6.0,2.9499999999999993
8.040000000000001,6.0,2.9499999999999993
8.05,6.0,2.9499999999999993
8.06,6.0,2.9499999999999993
8.07,6.0,2.9499999999999993
8.08,6.0,2.9499999999999993
8.09,6.0,2.9499999999999993
8.1,6.0,2.9499999999999993
8.11,6.0,2.9499999999999993
8.120000000000001,6.0,2.9499999999999993
8.13,6.0,2.9499999999999993
8.14,6.0,2.9499999999999993
8.15,6.0,2.9499999999999993
8.16,6.0,2.9499999999999993
8.17,6.0,2.9499999999999993
8.18,6.0,2.9499999999999993
8.19,6.0,2.9499999999999993
8.2,6.0,2.9499999999999993
8.21,6.0,2.9499999999999993
8.22,6.0,2.9499999999999993
8.23,6.0,2.9499999999999993
8.24,6.0,2.9499999999999993
8.25,6.0,2.9499999999999993
8.26,6.0,2.9499999999999993
8.27,6.0,2.9499999999999993
8.28,6.0,2.9499999999999993
8.290000000000001,6.0,2.9499999999999993
8.3,6.0,2.9499999999999993
8.31,6.0,2.9499999999999993
8.32,6.0,2.9499999999999993
8.33,6.0,2.9499999999999993
8.34,6.0,2.9499999999999993
8.35,6.0,2.9499999999999993
8.36,6.0,2.9499999999999993
8.370000000000001,6.0,2.9499999999999993
8.38,6.0,2.9499999999999993
8.39,6.0,2.9499999999999993
8.4,6.0,2.9499999999999993
8.41,6.0,2.9499999999999993
8.42,6.0,2.9499999999999993
8.43,6.0,2.9499999999999993
8.44,6.0,2.9499999999999993
8.45,6.0,2.9499999999999993
8.46,6.0,2.9499999999999993
8.47,6.0,2.9499999999999993
8.48,6.0,2.9499999999999993
8.49,6.0,2.9499999999999993
8.5,6.0,2.9499999999999993
8.51,6.0,2.9499999999999993
8.52,6.0,2.9499999999999993
8.53,6.0,2.9499999999999993
8.540000000000001,6.0,2.9499999999999993
8.55,6.0,2.9499999999999993
8.56,6.0,2.9499999999999993
8.57,6.0,2.9499999999999993
8.58,6.0,2.9499999999999993
8.59,6.0,2.9499999999999993
8.6,6.0,2.9499999999999993
8.61,6.0,2.9499999999999993
8.620000000000001,6.0,2.9499999999999993
8.63,6.0,2.9499999999999993
8.64,6.0,2.9499999999999993
8.65,6.0,2.9499999999999993
8.66,6.0,2.9499999999999993
8.67,6.0,2.9499999999999993
8.68,6.0,2.9499999999999993
8.69,6.0,2.9499999999999993
8.700000000000001,6.0,2.9499999999999993
8.71,6.0,2.9499999999999993
8.72,6.0,2.9499999999999993
8.73,6.0,2.9499999999999993
8.74,6.0,2.9499999999999993
8.75,6.0,2.9499999999999993
8.76,6.0,2.9499999999999993
8.77,6.0,2.9499999999999993
8.78,6.0,2.9499999999999993
8.790000000000001,6.0,2.9499999999999993
8.8,6.0,2.9499999999999993
8.81,6.0,2.9499999999999993
8.82,6.0,2.9499999999999993
8.83,6.0,2.9499999999999993
8.84,6.0,2.9499999999999993
8.85,6.0,2.9499999999999993
8.86,6.0,2.9499999999999993
8.870000000000001,6.0,2.9499999999999993
8.88,6.0,2.9499999999999993
8.89,6.0,2.9499999999999993
8.9,6.0,2.9499999999999993
8.91,6.0,2.9499999999999993
8.92,6.0,2.9499999999999993
8.93,6.0,2.9499999999999993
8.94,6.0,2.9499999999999993
8.950000000000001,6.0,2.9499999999999993
8.96,6.0,2.9499999999999993
8.97,6.0,2.9499999999999993
8.98,6.0,2.9499999999999993
8.99,6.0,2.9499999999999993
9.0,6.0,2.9499999999999993
9.01,6.0,2.9499999999999993
9.02,6.0,2.9499999999999993
9.03,6.0,2.9499999999999993
9.040000000000001,6.0,2.9499999999999993
9.05,6.0,2.9499999999999993
9.06,6.0,2.9499999999999993
9.07,6.0,2.9499999999999993
9.08,6.0,2.9499999999999993
9.09,6.0,2.9499999999999993
9.1,6.0,2.9499999999999993
9.11,6.0,2.9499999999999993
9.120000000000001,6.0,2.9499999999999993
9.13,6.0,2.9499999999999993
9.14,6.0,2.9499999999999993
9.15,6.0,2.9499999999999993
9.16,6.0,2.9499999999999993
9.17,6.0,2.9499999999999993
9.18,6.0,2.9499999999999993
9.19,6.0,2.9499999999999993
9.200000000000001,6.0,2.9499999999999993
9.21,6.0,2.9499999999999993
9.22,6.0,2.9499999999999993
9.23,6.0,2.9499999999999993
9.24,6.0,2.9499999999999993
9.25,6.0,2.9499999999999993
9.26,6.0,2.9499999999999993
9.27,6.0,2.9499999999999993
9.28,6.0,2.9499999999999993
9.290000000000001,6.0,2.9499999999999993
9.3,6.0,2.9499999999999993
9.31,6.0,2.9499999999999993
9.32,6.0,2.9499999999999993
9.33,6.0,2.9499999999999993
9.34,6.0,2.9499999999999993
9.35,6.0,2.9499999999999993
9.36,6.0,2.9499999999999993
9.370000000000001,6.0,2.9499999999999993
9.38,6.0,2.9499999999999993
9.39,6.0,2.9499999999999993
9.4,6.0,2.9499999999999993
9.41,6.0,2.9499999999999993
9.42,6.0,2.9499999999999993
9.43,6.0,2.9499999999999993
9.44,6.0,2.9499999999999993
9.450000000000001,6.0,2.9499999999999993
9.46,6.0,2.9499999999999993
9.47,6.0,2.9499999999999993
9.48,6.0,2.9499999999999993
9.49,6.0,2.9499999999999993
9.5,6.0,2.9499999999999993
9.51,6.0,2.9499999999999993
9.52,6.0,2.9499999999999993
9.53,6.0,2.9499999999999993
9.540000000000001,6.0,2.9499999999999993
9.55,6.0,2.9499999999999993
9.56,6.0,2.9499999999999993
9.57,6.0,2.9499999999999993
9.58,6.0,2.9499999999999993
9.59,6.0,2.9499999999999993
9.6,6.0,2.9499999999999993
9.61,6.0,2.9499999999999993
9.620000000000001,6.0,2.9499999999999993
9.63,6.0,2.9499999999999993
9.64,6.0,2.9499999999999993
9.65,6.0,2.9499999999999993
9.66,6.0,2.9499999999999993
9.67,6.0,2.9499999999999993
9.68,6.0,2.9499999999999993
9.69,6.0,2.9499999999999993
9.700000000000001,6.0,2.9499999999999993
9.71,6.0,2.9499999999999993
9.72,6.0,2.9499999999999993
9.73,6.0,2.9499999999999993
9.74,6.0,2.9499999999999993
9.75,6.0,2.9499999999999993
9.76,6.0,2.9499999999999993
9.77,6.0,2.9499999999999993
9.78,6.0,2.9499999999999993
9.790000000000001,6.0,2.9499999999999993
9.8,6.0,2.9499999999999993
9.81,6.0,2.9499999999999993
9.82,6.0,2.9499999999999993
9.83,6.0,2.9499999999999993
9.84,6.0,2.9499999999999993
9.85,6.0,2.9499999999999993
9.86,6.0,2.9499999999999993
9.870000000000001,6.0,2.9499999999999993
9.88,6.0,2.9499999999999993
9.89,6.0,2.9499999999999993
9.9,6.0,2.9499999999999993
9.91,6.0,2.9499999999999993
9.92,6.0,2.9499999999999993
9.93,6.0,2.9499999999999993
9.94,6.0,2.9499999999999993
9.950000000000001,6.0,2.9499999999999993
9.96,6.0,2.9499999999999993
9.97,6.0,2.9499999999999993
9.98,6.0,2.9499999999999993
9.99,6.0,2.9499999999999993
10.0,6.0,6.0
10.01,6.0,6.0
10.02,6.0,6.0
10.03,6.0,6.0
10.040000000000001,6.0,6.0
10.05,6.0,6.0
10.06,6.0,6.0
10.07,6.0,6.0
10.08,6.0,6.0
10.09,6.0,6.0
10.1,6.0,6.0
10.11,6.0,6.0
10.120000000000001,6.0,6.0
10.13,6.0,6.0
10.14,6.0,6.0
10.15,6.0,6.0
10.16,6.0,6.0
10.17,6.0,6.0
10.18,6.0,6.0
10.19,6.0,6.0
10.200000000000001,6.0,6.0
10.21,6.0,6.0
10.22,6.0,6.0
10.23,6.0,6.0
10.24,6.0,6.0
10.25,6.0,6.0
10.26,6.0,6.0
10.27,6.0,6.0
10.28,6.0,6.0
10.290000000000001,6.0,6.0
10.3,6.0,6.0
10.31,6.0,6.0
10.32,6.0,6.0
10.33,6.0,6.0
10.34,6.0,6.0
10.35,6.0,6.0
10.36,6.0,6.0
10.370000000000001,6.0,6.0
10.38,6.0,6.0
10.39,6.0,6.0
10.4,6.0,6.0
10.41,6.0,6.0
10.42,6.0,6.0
10.43,6.0,6.0
10.44,6.0,6.0
10.450000000000001,6.0,6.0
10.46,6.0,6.0
10.47,6.0,6.0
10.48,6.0,6.0
10.49,6.0,6.0
10.5,6.0,6.0
10.51,6.0,6.0
10.52,6.0,6.0
10.53,6.0,6.0
10.540000000000001,6.0,6.0
10.55,6.0,6.0
10.56,6.0,6.0
10.57,6.0,6.0
10.58,6.0,6.0
10.59,6.0,6.0
10.6,6.0,6.0
10.61,6.0,6.0
10.620000000000001,6.0,6.0
10.63,6.0,6.0
10.64,6.0,6.0
10.65,6.0,6.0
10.66,6.0,6.0
10.67,6.0,6.0
10.68,6.0,6.0
10.69,6.0,6.0
10.700000000000001,6.0,6.0
10.71,6.0,6.0
10.72,6.0,6.0
10.73,6.0,6.0
10.74,6.0,6.0
10.75,6.0,6.0
10.76,6.0,6.0
10.77,6.0,6.0
10.78,6.0,6.0
10.790000000000001,6.0,6.0
10.8,6.0,6.0
10.81,6.0,6.0
10.82,6.0,6.0
10.83,6.0,6.0
10.84,6.0,6.0
10.85,6.0,6.0
10.86,6.0,6.0
10.870000000000001,6.0,6.0
10.88,6.0,6.0
10.89,6.0,6.0
10.9,6.0,6.0
10.91,6.0,6.0
10.92,6.0,6.0
10.93,6.0,6.0
10.94,6.0,6.0
10.950000000000001,6.0,6.0
10.96,6.0,6.0
10.97,6.0,6.0
10.98,6.0,6.0
10.99,6.0,6.0
11.0,6.0,6.0
11.01,6.0,6.0
11.02,6.0,6.0
11.03,6.0,6.0
11.040000000000001,6.0,6.0
11.05,6.0,6.0
11.06,6.0,6.0
11.07,6.0,6.0
11.08,6.0,6.0
11.09,6.0,6.0
11.1,6.0,6.0
11.11,6.0,6.0
11.120000000000001,6.0,6.0
11.13,6.0,6.0
11.14,6.0,6.0
11.15,6.0,6.0
11.16,6.0,6.0
11.17,6.0,6.0
11.18,6.0,6.0
11.19,6.0,6.0
11.200000000000001,6.0,6.0
11.21,6.0,6.0
11.22,6.0,6.0
11.23,6.0,6.0
11.24,6.0,6.0
11.25,6.0,6.0
11.26,6.0,6.0
11.27,6.0,6.0
11.28,6.0,6.0
11.290000000000001,6.0,6.0
11.3,6.0,6.0
11.31,6.0,6.0
11.32,6.0,6.0
11.33,6.0,6.0
11.34,6.0,6.0
11.35,6.0,6.0
11.36,6.0,6.0
11.370000000000001,6.0,6.0
11.38,6.0,6.0
11.39,6.0,6.0
11.4,6.0,6.0
11.41,6.0,6.0
11.42,6.0,6.0
11.43,6.0,6.0
11.44,6.0,6.0
11.450000000000001,6.0,6.0
11.46,6.0,6.0
11.47,6.0,6.0
11.48,6.0,6.0
11.49,6.0,6.0
11.5,6.0,6.0
11.51,6.0,6.0
11.52,6.0,6.0
11.53,6.0,6.0
11.540000000000001,6.0,6.0
11.55,6.0,6.0
11.56,6.0,6.0
11.57,6.0,6.0
11.58,6.0,6.0
11.59,6.0,6.0
11.6,6.0,6.0
11.61,6.0,6.0
11.620000000000001,6.0,6.0
11.63,6.0,6.0
11.64,6.0,6.0
11.65,6.0,6.0
11.66,6.0,6.0
11.67,6.0,6.0
11.68,6.0,6.0
11.69,6.0,6.0
11.700000000000001,6.0,6.0
11.71,6.0,6.0
11.72,6.0,6.0
11.73,6.0,6.0
11.74,6.0,6.0
11.75,6.0,6.0
11.76,6.0,6.0
11.77,6.0,6.0
11.78,6.0,6.0
11.790000000000001,6.0,6.0
11.8,6.0,6.0
11.81,6.0,6.0
11.82,6.0,6.0
11.83,6.0,6.0
11.84,6.0,6.0
11.85,6.0,6.0
11.86,6.0,6.0
11.870000000000001,6.0,6.0
11.88,6.0,6.0
11.89,6.0,6.0
11.9,6.0,6.0
11.91,6.0,6.0
11.92,6.0,6.0
11.93,6.0,6.0
11.94,6.0,6.0
11.950000000000001,6.0,6.0
11.96,6.0,6.0
11.97,6.0,6.0
11.98,6.0,6.0
11.99,6.0,6.0
12.0,6.0,6.0
12.01,6.0,6.0
12.02,6.0,6.0
12.030000000000001,6.0,6.0
12.040000000000001,6.0,6.0
12.05,6.0,6.0
12.06,6.0,6.0
12.07,6.0,6.0
12.08,6.0,6.0
12.09,6.0,6.0
12.1,6.0,6.0
12.11,6.0,6.0
12.120000000000001,6.0,6.0
12.13,6.0,6.0
12.14,6.0,6.0
12.15,6.0,6.0
12.16,6.0,6.0
12.17,6.0,6.0
12.18,6.0,6.0
12.19,6.0,6.0
12.200000000000001,6.0,6.0
12.21,6.0,6.0
12.22,6.0,6.0
12.23,6.0,6.0
12.24,6.0,6.0
12.25,6.0,6.0
12.26,6.0,6.0
12.27,6.0,6.0
12.280000000000001,6.0,6.0
12.290000000000001,6.0,6.0
12.3,6.0,6.0
12.31,6.0,6.0
12.32,6.0,6.0
12.33,6.0,6.0
12.34,6.0,6.0
12.35,6.0,6.0
12.36,6.0,6.0
12.370000000000001,6.0,6.0
12.38,6.0,6.0
12.39,6.0,6.0
12.4,6.0,6.0
12.41,6.0,6.0
12.42,6.0,6.0
12.43,6.0,6.0
12.44,6.0,6.0
12.450000000000001,6.0,6.0
12.46,6.0,6.0
12.47,6.0,6.0
12.48,6.0,6.0
12.49,6.0,6.0
12.5,6.0,6.0
12.51,6.0,6.0
12.52,6.0,6.0
12.530000000000001,6.0,6.0
12.540000000000001,6.0,6.0
12.55,6.0,6.0
12.56,6.0,6.0
12.57,6.0,6.0
12.58,6.0,6.0
12.59,6.0,6.0
12.6,6.0,6.0
12.61,6.0,6.0
12.620000000000001,6.0,6.0
12.63,6.0,6.0
12.64,6.0,6.0
12.65,6.0,6.0
12.66,6.0,6.0
12.67,6.0,6.0
12.68,6.0,6.0
12.69,6.0,6.0
12.700000000000001,6.0,6.0
12.71,6.0,6.0
12.72,6.0,6.0
12.73,6.0,6.0
12.74,6.0,6.0
12.75,6.0,6.0
12.76,6.0,6.0
12.77,6.0,6.0
12.780000000000001,6.0,6.0
12.790000000000001,6.0,6.0
12.8,6.0,6.0
12.81,6.0,6.0
12.82,6.0,6.0
12.83,6.0,6.0
12.84,6.0,6.0
12.85,6.0,6.0
12.86,6.0,6.0
12.870000000000001,6.0,6.0
12.88,6.0,6.0
12.89,6.0,6.0
12.9,6.0,6.0
12.91,6.0,6.0
12.92,6.0,6.0
12.93,6.0,6.0
12.94,6.0,6.0
12.950000000000001,6.0,6.0
12.96,6.0,6.0
12.97,6.0,6.0
12.98,6.0,6.0
12.99,6.0,6.0
13.0,6.0,6.0
13.01,6.0,6.0
13.02,6.0,6.0
13.030000000000001,6.0,6.0
13.040000000000001,6.0,6.0
13.05,6.0,6.0
13.06,6.0,6.0
13.07,6.0,6.0
13.08,6.0,6.0
13.09,6.0,6.0
13.1,6.0,6.0
13.11,6.0,6.0
13.120000000000001,6.0,6.0
13.13,6.0,6.0
13.14,6.0,6.0
13.15,6.0,6.0
13.16,6.0,6.0
13.17,6.0,6.0
13.18,6.0,6.0
13.19,6.0,6.0
13.200000000000001,6.0,6.0
13.21,6.0,6.0
13.22,6.0,6.0
13.23,6.0,6.0
13.24,6.0,6.0
13.25,6.0,6.0
13.26,6.0,6.0
13.27,6.0,6.0
13.280000000000001,6.0,6.0
13.290000000000001,6.0,6.0
13.3,6.0,6.0
13.31,6.0,6.0
13.32,6.0,6.0
13.33,6.0,6.0
13.34,6.0,6.0
13.35,6.0,6.0
13.36,6.0,6.0
13.370000000000001,6.0,6.0
13.38,6.0,6.0
13.39,6.0,6.0
13.4,6.0,6.0
13.41,6.0,6.0
13.42,6.0,6.0
13.43,6.0,6.0
13.44,6.0,6.0
13.450000000000001,6.0,6.0
13.46,6.0,6.0
13.47,6.0,6.0
13.48,6.0,6.0
13.49,6.0,6.0
13.5,6.0,6.0
13.51,6.0,6.0
13.52,6.0,6.0
13.530000000000001,6.0,6.0
13.540000000000001,6.0,6.0
13.55,6.0,6.0
13.56,6.0,6.0
13.57,6.0,6.0
13.58,6.0,6.0
13.59,6.0,6.0
13.6,6.0,6.0
13.61,6.0,6.0
13.620000000000001,6.0,6.0
13.63,6.0,6.0
13.64,6.0,6.0
13.65,6.0,6.0
13.66,6.0,6.0
13.67,6.0,6.0
13.68,6.0,6.0
13.69,6.0,6.0
13.700000000000001,6.0,6.0
13.71,6.0,6.0
13.72,6.0,6.0
13.73,6.0,6.0
13.74,6.0,6.0
13.75,6.0,6.0
13.76,6.0,6.0
13.77,6.0,6.0
13.780000000000001,6.0,6.0
13.790000000000001,6.0,6.0
13.8,6.0,6.0
13.81,6.0,6.0
13.82,6.0,6.0
13.83,6.0,6.0
13.84,6.0,6.0
13.85,6.0,6.0
13.86,6.0,6.0
13.870000000000001,6.0,6.0
13.88,6.0,6.0
13.89,6.0,6.0
13.9,6.0,6.0
13.91,6.0,6.0
13.92,6.0,6.0
13.93,6.0,6.0
13.94,6.0,6.0
13.950000000000001,6.0,6.0
13.96,6.0,6.0
13.97,6.0,6.0
13.98,6.0,6.0
13.99,6.0,6.0
14.0,6.0,6.0
14.01,6.0,6.0
14.02,6.0,6.0
14.030000000000001,6.0,6.0
14.040000000000001,6.0,6.0
14.05,6.0,6.0
14.06,6.0,6.0
14.07,6.0,6.0
14.08,6.0,6.0
14.09,6.0,6.0
14.1,6.0,6.0
14.11,6.0,6.0
14.120000000000001,6.0,6.0
14.13,6.0,6.0
14.14,6.0,6.0
14.15,6.0,6.0
14.16,6.0,6.0
14.17,6.0,6.0
14.18,6.0,6.0
14.19,6.0,6.0
14.200000000000001,6.0,6.0
14.21,6.0,6.0
14.22,6.0,6.0
14.23,6.0,6.0
14.24,6.0,6.0
14.25,6.0,6.0
14.26,6.0,6.0
14.27,6.0,6.0
14.280000000000001,6.0,6.0
14.290000000000001,6.0,6.0
14.3,6.0,6.0
14.31,6.0,6.0
14.32,6.0,6.0
14.33,6.0,6.0
14.34,6.0,6.0
14.35,6.0,6.0
14.36,6.0,6.0
14.370000000000001,6.0,6.0
14.38,6.0,6.0
14.39,6.0,6.0
14.4,6.0,6.0
14.41,6.0,6.0
14.42,6.0,6.0
14.43,6.0,6.0
14.44,6.0,6.0
14.450000000000001,6.0,6.0
14.46,6.0,6.0
14.47,6.0,6.0
14.48,6.0,6.0
14.49,6.0,6.0
14.5,6.0,6.0
14.51,6.0,6.0
14.52,6.0,6.0
14.530000000000001,6.0,6.0
14.540000000000001,6.0,6.0
14.55,6.0,6.0
14.56,6.0,6.0
14.57,6.0,6.0
14.58,6.0,6.0
14.59,6.0,6.0
14.6,6.0,6.0
14.61,6.0,6.0
14.620000000000001,6.0,6.0
14.63,6.0,6.0
14.64,6.0,6.0
14.65,6.0,6.0
14.66,6.0,6.0
14.67,6.0,6.0
14.68,6.0,6.0
14.69,6.0,6.0
14.700000000000001,6.0,6.0
14.71,6.0,6.0
14.72,6.0,6.0
14.73,6.0,6.0
14.74,6.0,6.0
14.75,6.0,6.0
14.76,6.0,6.0
14.77,6.0,6.0
14.780000000000001,6.0,6.0
14.790000000000001,6.0,6.0
14.8,6.0,6.0
14.81,6.0,6.0
14.82,6.0,6.0
14.83,6.0,6.0
14.84,6.0,6.0
14.85,6.0,6.0
14.86,6.0,6.0
14.870000000000001,6.0,6.0
14.88,6.0,6.0
14.89,6.0,6.0
14.9,6.0,6.0
14.91,6.0,6.0
14.92,6.0,6.0
14.93,6.0,6.0
14.94,6.0,6.0
14.950000000000001,6.0,6.0
14.96,6.0,6.0
14.97,6.0,6.0
14.98,6.0,6.0
14.99,6.0,6.0
15.0,6.0,2.9499999999999993
15.01,6.0,2.9499999999999993
15.02,6.0,2.9499999999999993
15.030000000000001,6.0,2.9499999999999993
15.040000000000001,6.0,2.9499999999999993
15.05,6.0,2.9499999999999993
15.06,6.0,2.9499999999999993
15.07,6.0,2.9499999999999993
15.08,6.0,2.9499999999999993
15.09,6.0,2.9499999999999993
15.1,6.0,2.9499999999999993
15.11,6.0,2.9499999999999993
15.120000000000001,6.0,2.9499999999999993
15.13,6.0,2.9499999999999993
15.14,6.0,2.9499999999999993
15.15,6.0,2.9499999999999993
15.16,6.0,2.9499999999999993
15.17,6.0,2.9499999999999993
15.18,6.0,2.9499999999999993
15.19,6.0,2.9499999999999993
15.200000000000001,6.0,2.9499999999999993
15.21,6.0,2.9499999999999993
15.22,6.0,2.9499999999999993
15.23,6.0,2.9499999999999993
15.24,6.0,2.9499999999999993
15.25,6.0,2.9499999999999993
15.26,6.0,2.9499999999999993
15.27,6.0,2.9499999999999993
15.280000000000001,6.0,2.9499999999999993
15.290000000000001,6.0,2.9499999999999993
15.3,6.0,2.9499999999999993
15.31,6.0,2.9499999999999993
15.32,6.0,2.9499999999999993
15.33,6.0,2.9499999999999993
15.34,6.0,2.9499999999999993
15.35,6.0,2.9499999999999993
15.36,6.0,2.9499999999999993
15.370000000000001,6.0,2.9499999999999993
15.38,6.0,2.9499999999999993
15.39,6.0,2.9499999999999993
15.4,6.0,2.9499999999999993
15.41,6.0,2.9499999999999993
15.42,6.0,2.9499999999999993
15.43,6.0,2.9499999999999993
15.44,6.0,2.9499999999999993
15.450000000000001,6.0,2.9499999999999993
15.46,6.0,2.9499999999999993
15.47,6.0,2.9499999999999993
15.48,6.0,2.9499999999999993
15.49,6.0,2.9499999999999993
15.5,6.0,2.9499999999999993
15.51,6.0,2.9499999999999993
15.52,6.0,2.9499999999999993
15.530000000000001,6.0,2.9499999999999993
15.540000000000001,6.0,2.9499999999999993
15.55,6.0,2.9499999999999993
15.56,6.0,2.9499999999999993
15.57,6.0,2.9499999999999993
15.58,6.0,2.9499999999999993
15.59,6.0,2.9499999999999993
15.6,6.0,2.9499999999999993
15.610000000000001,6.0,2.9499999999999993
15.620000000000001,6.0,2.9499999999999993
15.63,6.0,2.9499999999999993
15.64,6.0,2.9499999999999993
15.65,6.0,2.9499999999999993
15.66,6.0,2.9499999999999993
15.67,6.0,2.9499999999999993
15.68,6.0,2.9499999999999993
15.69,6.0,2.9499999999999993
15.700000000000001,6.0,2.9499999999999993
15.71,6.0,2.9499999999999993
15.72,6.0,2.9499999999999993
15.73,6.0,2.9499999999999993
15.74,6.0,2.9499999999999993
15.75,6.0,2.9499999999999993
15.76,6.0,2.9499999999999993
15.77,6.0,2.9499999999999993
15.780000000000001,6.0,2.9499999999999993
15.790000000000001,6.0,2.9499999999999993
15.8,6.0,2.9499999999999993
15.81,6.0,2.9499999999999993
15.82,6.0,2.9499999999999993
15.83,6.0,2.9499999999999993
15.84,6.0,2.9499999999999993
15.85,6.0,2.9499999999999993
15.860000000000001,6.0,2.9499999999999993
15.870000000000001,6.0,2.9499999999999993
15.88,6.0,2.9499999999999993
15.89,6.0,2.9499999999999993
15.9,6.0,2.9499999999999993
15.91,6.0,2.9499999999999993
15.92,6.0,2.9499999999999993
15.93,6.0,2.9499999999999993
15.94,6.0,2.9499999999999993
15.950000000000001,6.0,2.9499999999999993
15.96,6.0,2.9499999999999993
15.97,6.0,2.9499999999999993
15.98,6.0,2.9499999999999993
15.99,6.0,2.9499999999999993
16.0,6.0,2.9499999999999993
16.01,6.0,2.9499999999999993
16.02,6.0,2.9499999999999993
16.03,6.0,2.9499999999999993
16.04,6.0,2.9499999999999993
16.05,6.0,2.9499999999999993
16.06,6.0,2.9499999999999993
16.07,6.0,2.9499999999999993
16.080000000000002,6.0,2.9499999999999993
16.09,6.0,2.9499999999999993
16.1,6.0,2.9499999999999993
16.11,6.0,2.9499999999999993
16.12,6.0,2.9499999999999993
16.13,6.0,2.9499999999999993
16.14,6.0,2.9499999999999993
16.15,6.0,2.9499999999999993
16.16,6.0,2.9499999999999993
16.17,6.0,2.9499999999999993
16.18,6.0,2.9499999999999993
16.19,6.0,2.9499999999999993
16.2,6.0,2.9499999999999993
16.21,6.0,2.9499999999999993
16.22,6.0,2.9499999999999993
16.23,6.0,2.9499999999999993
16.240000000000002,6.0,2.9499999999999993
16.25,6.0,2.9499999999999993
16.26,6.0,2.9499999999999993
16.27,6.0,2.9499999999999993
16.28,6.0,2.9499999999999993
16.29,6.0,2.9499999999999993
16.3,6.0,2.9499999999999993
16.31,6.0,2.9499999999999993
16.32,6.0,2.9499999999999993
16.330000000000002,6.0,2.9499999999999993
16.34,6.0,2.9499999999999993
16.35,6.0,2.9499999999999993
16.36,6.0,2.9499999999999993
16.37,6.0,2.9499999999999993
16.38,6.0,2.9499999999999993
16.39,6.0,2.9499999999999993
16.4,6.0,2.9499999999999993
16.41,6.0,2.9499999999999993
16.42,6.0,2.9499999999999993
16.43,6.0,2.9499999999999993
16.44,6.0,2.9499999999999993
16.45,6.0,2.9499999999999993
16.46,6.0,2.9499999999999993
16.47,6.0,2.9499999999999993
16.48,6.0,2.9499999999999993
16.490000000000002,6.0,2.9499999999999993
16.5,6.0,2.9499999999999993
16.51,6.0,2.9499999999999993
16.52,6.0,2.9499999999999993
16.53,6.0,2.9499999999999993
16.54,6.0,2.9499999999999993
16.55,6.0,2.9499999999999993
16.56,6.0,2.9499999999999993
16.57,6.0,2.9499999999999993
16.580000000000002,6.0,2.9499999999999993
16.59,6.0,2.9499999999999993
16.6,6.0,2.9499999999999993
16.61,6.0,2.9499999999999993
16.62,6.0,2.9499999999999993
16.63,6.0,2.9499999999999993
16.64,6.0,2.9499999999999993
16.65,6.0,2.9499999999999993
16.66,6.0,2.9499999999999993
16.67,6.0,2.9499999999999993
16.68,6.0,2.9499999999999993
16.69,6.0,2.9499999999999993
16.7,6.0,2.9499999999999993
16.71,6.0,2.9499999999999993
16.72,6.0,2.9499999999999993
16.73,6.0,2.9499999999999993
16.740000000000002,6.0,2.9499999999999993
16.75,6.0,2.9499999999999993
16.76,6.0,2.9499999999999993
16.77,6.0,2.9499999999999993
16.78,6.0,2.9499999999999993
16.79,6.0,2.9499999999999993
16.8,6.0,2.9499999999999993
16.81,6.0,2.9499999999999993
16.82,6.0,2.9499999999999993
16.830000000000002,6.0,2.9499999999999993
16.84,6.0,2.9499999999999993
16.85,6.0,2.9499999999999993
16.86,6.0,2.9499999999999993
16.87,6.0,2.9499999999999993
16.88,6.0,2.9499999999999993
16.89,6.0,2.9499999999999993
16.9,6.0,2.9499999999999993
16.91,6.0,2.9499999999999993
16.92,6.0,2.9499999999999993
16.93,6.0,2.9499999999999993
16.94,6.0,2.9499999999999993
16.95,6.0,2.9499999999999993
16.96,6.0,2.9499999999999993
16.97,6.0,2.9499999999999993
16.98,6.0,2.9499999999999993
16.990000000000002,6.0,2.9499999999999993
17.0,6.0,2.9499999999999993
17.01,6.0,2.9499999999999993
17.02,6.0,2.9499999999999993
17.03,6.0,2.9499999999999993
17.04,6.0,2.9499999999999993
17.05,6.0,2.9499999999999993
17.06,6.0,2.9499999999999993
17.07,6.0,2.9499999999999993
17.080000000000002,6.0,2.9499999999999993
17.09,6.0,2.9499999999999993
17.1,6.0,2.9499999999999993
17.11,6.0,2.9499999999999993
17.12,6.0,2.9499999999999993
17.13,6.0,2.9499999999999993
17.14,6.0,2.9499999999999993
17.150000000000002,6.0,2.9499999999999993
17.16,6.0,2.9499999999999993
17.17,6.0,2.9499999999999993
17.18,6.0,2.9499999999999993
17.19,6.0,2.9499999999999993
17.2,6.0,2.9499999999999993
17.21,6.0,2.9499999999999993
17.22,6.0,2.9499999999999993
17.23,6.0,2.9499999999999993
17.240000000000002,6.0,2.9499999999999993
17.25,6.0,2.9499999999999993
17.26,6.0,2.9499999999999993
17.27,6.0,2.9499999999999993
17.28,6.0,2.9499999999999993
17.29,6.0,2.9499999999999993
17.3,6.0,2.9499999999999993
17.31,6.0,2.9499999999999993
17.32,6.0,2.9499999999999993
17.330000000000002,6.0,2.9499999999999993
17.34,6.0,2.9499999999999993
17.35,6.0,2.9499999999999993
17.36,6.0,2.9499999999999993
17.37,6.0,2.9499999999999993
17.38,6.0,2.9499999999999993
17.39,6.0,2.9499999999999993
17.400000000000002,6.0,2.9499999999999993
17.41,6.0,2.9499999999999993
17.42,6.0,2.9499999999999993
17.43,6.0,2.9499999999999993
17.44,6.0,2.9499999999999993
17.45,6.0,2.9499999999999993
17.46,6.0,2.9499999999999993
17.47,6.0,2.9499999999999993
17.48,6.0,2.9499999999999993
17.490000000000002,6.0,2.9499999999999993
17.5,6.0,2.9499999999999993
17.51,6.0,2.9499999999999993
17.52,6.0,2.9499999999999993
17.53,6.0,2.9499999999999993
17.54,6.0,2.9499999999999993
17.55,6.0,2.9499999999999993
17.56,6.0,2.9499999999999993
17.57,6.0,2.9499999999999993
17.580000000000002,6.0,2.9499999999999993
17.59,6.0,2.9499999999999993
17.6,6.0,2.9499999999999993
17.61,6.0,2.9499999999999993
17.62,6.0,2.9499999999999993
17.63,6.0,2.9499999999999993
17.64,6.0,2.9499999999999993
17.650000000000002,6.0,2.9499999999999993
17.66,6.0,2.9499999999999993
17.67,6.0,2.9499999999999993
17.68,6.0,2.9499999999999993
17.69,6.0,2.9499999999999993
17.7,6.0,2.9499999999999993
17.71,6.0,2.9499999999999993
17.72,6.0,2.9499999999999993
17.73,6.0,2.9499999999999993
17.740000000000002,6.0,2.9499999999999993
17.75,6.0,2.9499999999999993
17.76,6.0,2.9499999999999993
17.77,6.0,2.9499999999999993
17.78,6.0,2.9499999999999993
17.79,6.0,2.9499999999999993
17.8,6.0,2.9499999999999993
17.81,6.0,2.9499999999999993
17.82,6.0,2.9499999999999993
17.830000000000002,6.0,2.9499999999999993
17.84,6.0,2.9499999999999993
17.85,6.0,2.9499999999999993
17.86,6.0,2.9499999999999993
17.87,6.0,2.9499999999999993
17.88,6.0,2.9499999999999993
17.89,6.0,2.9499999999999993
17.900000000000002,6.0,2.9499999999999993
17.91,6.0,2.9499999999999993
17.92,6.0,2.9499999999999993
17.93,6.0,2.9499999999999993
17.94,6.0,2.9499999999999993
17.95,6.0,2.9499999999999993
17.96,6.0,2.9499999999999993
17.97,6.0,2.9499999999999993
17.98,6.0,2.9499999999999993
17.990000000000002,6.0,2.9499999999999993
18.0,6.0,2.9499999999999993
18.01,6.0,2.9499999999999993
18.02,6.0,2.9499999999999993
18.03,6.0,2.9499999999999993
18.04,6.0,2.9499999999999993
18.05,6.0,2.9499999999999993
18.06,6.0,2.9499999999999993
18.07,6.0,2.9499999999999993
18.080000000000002,6.0,2.9499999999999993
18.09,6.0,2.9499999999999993
18.1,6.0,2.9499999999999993
18.11,6.0,2.9499999999999993
18.12,6.0,2.9499999999999993
18.13,6.0,2.9499999999999993
18.14,6.0,2.9499999999999993
18.150000000000002,6.0,2.9499999999999993
18.16,6.0,2.9499999999999993
18.17,6.0,2.9499999999999993
18.18,6.0,2.9499999999999993
18.19,6.0,2.9499999999999993
18.2,6.0,2.9499999999999993
18.21,6.0,2.9499999999999993
18.22,6.0,2.9499999999999993
18.23,6.0,2.9499999999999993
18.240000000000002,6.0,2.9499999999999993
18.25,6.0,2.9499999999999993
18.26,6.0,2.9499999999999993
18.27,6.0,2.9499999999999993
18.28,6.0,2.9499999999999993
18.29,6.0,2.9499999999999993
18.3,6.0,2.9499999999999993
18.31,6.0,2.9499999999999993
18.32,6.0,2.9499999999999993
18.330000000000002,6.0,2.9499999999999993
18.34,6.0,2.9499999999999993
18.35,6.0,2.9499999999999993
18.36,6.0,2.9499999999999993
18.37,6.0,2.9499999999999993
18.38,6.0,2.9499999999999993
18.39,6.0,2.9499999999999993
18.400000000000002,6.0,2.9499999999999993
18.41,6.0,2.9499999999999993
18.42,6.0,2.9499999999999993
18.43,6.0,2.9499999999999993
18.44,6.0,2.9499999999999993
18.45,6.0,2.9499999999999993
18.46,6.0,2.9499999999999993
18.47,6.0,2.9499999999999993
18.48,6.0,2.9499999999999993
18.490000000000002,6.0,2.9499999999999993
18.5,6.0,2.9499999999999993
18.51,6.0,2.9499999999999993
18.52,6.0,2.9499999999999993
18.53,6.0,2.9499999999999993
18.54,6.0,2.9499999999999993
18.55,6.0,2.9499999999999993
18.56,6.0,2.9499999999999993
18.57,6.0,2.9499999999999993
18.580000000000002,6.0,2.9499999999999993
18.59,6.0,2.9499999999999993
18.6,6.0,2.9499999999999993
18.61,6.0,2.9499999999999993
18.62,6.0,2.9499999999999993
18.63,6.0,2.9499999999999993
18.64,6.0,2.9499999999999993
18.650000000000002,6.0,2.9499999999999993
18.66,6.0,2.9499999999999993
18.67,6.0,2.9499999999999993
18.68,6.0,2.9499999999999993
18.69,6.0,2.9499999999999993
18.7,6.0,2.9499999999999993
18.71,6.0,2.9499999999999993
18.72,6.0,2.9499999999999993
18.73,6.0,2.9499999999999993
18.740000000000002,6.0,2.9499999999999993
18.75,6.0,2.9499999999999993
18.76,6.0,2.9499999999999993
18.77,6.0,2.9499999999999993
18.78,6.0,2.9499999999999993
18.79,6.0,2.9499999999999993
18.8,6.0,2.9499999999999993
18.81,6.0,2.9499999999999993
18.82,6.0,2.9499999999999993
18.830000000000002,6.0,2.9499999999999993
18.84,6.0,2.9499999999999993
18.85,6.0,2.9499999999999993
18.86,6.0,2.9499999999999993
18.87,6.0,2.9499999999999993
18.88,6.0,2.9499999999999993
18.89,6.0,2.9499999999999993
18.900000000000002,6.0,2.9499999999999993
18.91,6.0,2.9499999999999993
18.92,6.0,2.9499999999999993
18.93,6.0,2.9499999999999993
18.94,6.0,2.9499999999999993
18.95,6.0,2.9499999999999993
18.96,6.0,2.9499999999999993
18.97,6.0,2.9499999999999993
18.98,6.0,2.9499999999999993
18.990000000000002,6.0,2.9499999999999993
19.0,6.0,2.9499999999999993
19.01,6.0,2.9499999999999993
19.02,6.0,2.9499999999999993
19.03,6.0,2.9499999999999993
19.04,6.0,2.9499999999999993
19.05,6.0,2.9499999999999993
19.06,6.0,2.9499999999999993
19.07,6.0,2.9499999999999993
19.080000000000002,6.0,2.9499999999999993
19.09,6.0,2.9499999999999993
19.1,6.0,2.9499999999999993
19.11,6.0,2.9499999999999993
19.12,6.0,2.9499999999999993
19.13,6.0,2.9499999999999993
19.14,6.0,2.9499999999999993
19.150000000000002,6.0,2.9499999999999993
19.16,6.0,2.9499999999999993
19.17,6.0,2.9499999999999993
19.18,6.0,2.9499999999999993
19.19,6.0,2.9499999999999993
19.2,6.0,2.9499999999999993
19.21,6.0,2.9499999999999993
19.22,6.0,2.9499999999999993
19.23,6.0,2.9499999999999993
19.240000000000002,6.0,2.9499999999999993
19.25,6.0,2.9499999999999993
19.26,6.0,2.9499999999999993
19.27,6.0,2.9499999999999993
19.28,6.0,2.9499999999999993
19.29,6.0,2.9499999999999993
19.3,6.0,2.9499999999999993
19.31,6.0,2.9499999999999993
19.32,6.0,2.9499999999999993
19.330000000000002,6.0,2.9499999999999993
19.34,6.0,2.9499999999999993
19.35,6.0,2.9499999999999993
19.36,6.0,2.9499999999999993
19.37,6.0,2.9499999999999993
19.38,6.0,2.9499999999999993
19.39,6.0,2.9499999999999993
19.400000000000002,6.0,2.9499999999999993
19.41,6.0,2.9499999999999993
19.42,6.0,2.9499999999999993
19.43,6.0,2.9499999999999993
19.44,6.0,2.9499999999999993
19.45,6.0,2.9499999999999993
19.46,6.0,2.9499999999999993
19.47,6.0,2.9499999999999993
19.48,6.0,2.9499999999999993
19.490000000000002,6.0,2.9499999999999993
19.5,6.0,2.9499999999999993
19.51,6.0,2.9499999999999993
19.52,6.0,2.9499999999999993
19.53,6.0,2.9499999999999993
19.54,6.0,2.9499999999999993
19.55,6.0,2.9499999999999993
19.56,6.0,2.9499999999999993
19.57,6.0,2.9499999999999993
19.580000000000002,6.0,2.9499999999999993
19.59,6.0,2.9499999999999993
19.6,6.0,2.9499999999999993
19.61,6.0,2.9499999999999993
19.62,6.0,2.9499999999999993
19.63,6.0,2.9499999999999993
19.64,6.0,2.9499999999999993
19.650000000000002,6.0,2.9499999999999993
19.66,6.0,2.9499999999999993
19.67,6.0,2.9499999999999993
19.68,6.0,2.9499999999999993
19.69,6.0,2.9499999999999993
19.7,6.0,2.9499999999999993
19.71,6.0,2.9499999999999993
19.72,6.0,2.9499999999999993
19.73,6.0,2.9499999999999993
19.740000000000002,6.0,2.9499999999999993
19.75,6.0,2.9499999999999993
19.76,6.0,2.9499999999999993
19.77,6.0,2.9499999999999993
19.78,6.0,2.9499999999999993
19.79,6.0,2.9499999999999993
19.8,6.0,2.9499999999999993
19.81,6.0,2.9499999999999993
19.82,6.0,2.9499999999999993
19.830000000000002,6.0,2.9499999999999993
19.84,6.0,2.9499999999999993
19.85,6.0,2.9499999999999993
19.86,6.0,2.9499999999999993
19.87,6.0,2.9499999999999993
19.88,6.0,2.9499999999999993
19.89,6.0,2.9499999999999993
19.900000000000002,6.0,2.9499999999999993
19.91,6.0,2.9499999999999993
19.92,6.0,2.9499999999999993
19.93,6.0,2.9499999999999993
19.94,6.0,2.9499999999999993
19.95,6.0,2.9499999999999993
19.96,6.0,2.9499999999999993
19.97,6.0,2.9499999999999993
19.98,6.0,2.9499999999999993
19.990000000000002,6.0,2.9499999999999993
